7,0,10000000,human_7_0-10000000.vcf.gz
7,10000000,20000000,human_7_10000000-20000000.vcf.gz
7,20000000,30000000,human_7_20000000-30000000.vcf.gz
7,30000000,40000000,human_7_30000000-40000000.vcf.gz
7,40000000,50000000,human_7_40000000-50000000.vcf.gz
7,50000000,60000000,human_7_50000000-60000000.vcf.gz
7,60000000,70000000,human_7_60000000-70000000.vcf.gz
7,70000000,80000000,human_7_70000000-80000000.vcf.gz
7,80000000,90000000,human_7_80000000-90000000.vcf.gz
7,90000000,100000000,human_7_90000000-100000000.vcf.gz
7,100000000,110000000,human_7_100000000-110000000.vcf.gz
7,110000000,120000000,human_7_110000000-120000000.vcf.gz
7,120000000,130000000,human_7_120000000-130000000.vcf.gz
7,130000000,140000000,human_7_130000000-140000000.vcf.gz
7,140000000,150000000,human_7_140000000-150000000.vcf.gz
7,150000000,160000000,human_7_150000000-160000000.vcf.gz
18,0,10000000,human_18_0-10000000.vcf.gz
18,10000000,20000000,human_18_10000000-20000000.vcf.gz
18,20000000,30000000,human_18_20000000-30000000.vcf.gz
18,30000000,40000000,human_18_30000000-40000000.vcf.gz
18,40000000,50000000,human_18_40000000-50000000.vcf.gz
18,50000000,60000000,human_18_50000000-60000000.vcf.gz
18,60000000,70000000,human_18_60000000-70000000.vcf.gz
18,70000000,80000000,human_18_70000000-80000000.vcf.gz
6,0,10000000,human_6_0-10000000.vcf.gz
6,10000000,20000000,human_6_10000000-20000000.vcf.gz
6,20000000,30000000,human_6_20000000-30000000.vcf.gz
6,30000000,40000000,human_6_30000000-40000000.vcf.gz
6,40000000,50000000,human_6_40000000-50000000.vcf.gz
6,50000000,60000000,human_6_50000000-60000000.vcf.gz
6,60000000,70000000,human_6_60000000-70000000.vcf.gz
6,70000000,80000000,human_6_70000000-80000000.vcf.gz
6,80000000,90000000,human_6_80000000-90000000.vcf.gz
6,90000000,100000000,human_6_90000000-100000000.vcf.gz
6,100000000,110000000,human_6_100000000-110000000.vcf.gz
6,110000000,120000000,human_6_110000000-120000000.vcf.gz
6,120000000,130000000,human_6_120000000-130000000.vcf.gz
6,130000000,140000000,human_6_130000000-140000000.vcf.gz
6,140000000,150000000,human_6_140000000-150000000.vcf.gz
6,150000000,160000000,human_6_150000000-160000000.vcf.gz
6,160000000,170000000,human_6_160000000-170000000.vcf.gz
6,170000000,180000000,human_6_170000000-180000000.vcf.gz
15,20000000,30000000,human_15_20000000-30000000.vcf.gz
15,30000000,40000000,human_15_30000000-40000000.vcf.gz
15,40000000,50000000,human_15_40000000-50000000.vcf.gz
15,50000000,60000000,human_15_50000000-60000000.vcf.gz
15,60000000,70000000,human_15_60000000-70000000.vcf.gz
15,70000000,80000000,human_15_70000000-80000000.vcf.gz
15,80000000,90000000,human_15_80000000-90000000.vcf.gz
15,90000000,100000000,human_15_90000000-100000000.vcf.gz
15,100000000,110000000,human_15_100000000-110000000.vcf.gz
20,0,10000000,human_20_0-10000000.vcf.gz
20,10000000,20000000,human_20_10000000-20000000.vcf.gz
20,20000000,30000000,human_20_20000000-30000000.vcf.gz
20,30000000,40000000,human_20_30000000-40000000.vcf.gz
20,40000000,50000000,human_20_40000000-50000000.vcf.gz
20,50000000,60000000,human_20_50000000-60000000.vcf.gz
20,60000000,70000000,human_20_60000000-70000000.vcf.gz
2,0,10000000,human_2_0-10000000.vcf.gz
2,10000000,20000000,human_2_10000000-20000000.vcf.gz
2,20000000,30000000,human_2_20000000-30000000.vcf.gz
2,30000000,40000000,human_2_30000000-40000000.vcf.gz
2,40000000,50000000,human_2_40000000-50000000.vcf.gz
2,50000000,60000000,human_2_50000000-60000000.vcf.gz
2,60000000,70000000,human_2_60000000-70000000.vcf.gz
2,70000000,80000000,human_2_70000000-80000000.vcf.gz
2,80000000,90000000,human_2_80000000-90000000.vcf.gz
2,90000000,100000000,human_2_90000000-100000000.vcf.gz
2,100000000,110000000,human_2_100000000-110000000.vcf.gz
2,110000000,120000000,human_2_110000000-120000000.vcf.gz
2,120000000,130000000,human_2_120000000-130000000.vcf.gz
2,130000000,140000000,human_2_130000000-140000000.vcf.gz
2,140000000,150000000,human_2_140000000-150000000.vcf.gz
2,150000000,160000000,human_2_150000000-160000000.vcf.gz
2,160000000,170000000,human_2_160000000-170000000.vcf.gz
2,170000000,180000000,human_2_170000000-180000000.vcf.gz
2,180000000,190000000,human_2_180000000-190000000.vcf.gz
2,190000000,200000000,human_2_190000000-200000000.vcf.gz
2,200000000,210000000,human_2_200000000-210000000.vcf.gz
2,210000000,220000000,human_2_210000000-220000000.vcf.gz
2,220000000,230000000,human_2_220000000-230000000.vcf.gz
2,230000000,240000000,human_2_230000000-240000000.vcf.gz
2,240000000,250000000,human_2_240000000-250000000.vcf.gz
1,0,10000000,human_1_0-10000000.vcf.gz
1,10000000,20000000,human_1_10000000-20000000.vcf.gz
1,20000000,30000000,human_1_20000000-30000000.vcf.gz
1,30000000,40000000,human_1_30000000-40000000.vcf.gz
1,40000000,50000000,human_1_40000000-50000000.vcf.gz
1,50000000,60000000,human_1_50000000-60000000.vcf.gz
1,60000000,70000000,human_1_60000000-70000000.vcf.gz
1,70000000,80000000,human_1_70000000-80000000.vcf.gz
1,80000000,90000000,human_1_80000000-90000000.vcf.gz
1,90000000,100000000,human_1_90000000-100000000.vcf.gz
1,100000000,110000000,human_1_100000000-110000000.vcf.gz
1,110000000,120000000,human_1_110000000-120000000.vcf.gz
1,120000000,130000000,human_1_120000000-130000000.vcf.gz
1,130000000,140000000,human_1_130000000-140000000.vcf.gz
1,140000000,150000000,human_1_140000000-150000000.vcf.gz
1,150000000,160000000,human_1_150000000-160000000.vcf.gz
1,160000000,170000000,human_1_160000000-170000000.vcf.gz
1,170000000,180000000,human_1_170000000-180000000.vcf.gz
1,180000000,190000000,human_1_180000000-190000000.vcf.gz
1,190000000,200000000,human_1_190000000-200000000.vcf.gz
1,200000000,210000000,human_1_200000000-210000000.vcf.gz
1,210000000,220000000,human_1_210000000-220000000.vcf.gz
1,220000000,230000000,human_1_220000000-230000000.vcf.gz
1,230000000,240000000,human_1_230000000-240000000.vcf.gz
1,240000000,250000000,human_1_240000000-250000000.vcf.gz
11,0,10000000,human_11_0-10000000.vcf.gz
11,10000000,20000000,human_11_10000000-20000000.vcf.gz
11,20000000,30000000,human_11_20000000-30000000.vcf.gz
11,30000000,40000000,human_11_30000000-40000000.vcf.gz
11,40000000,50000000,human_11_40000000-50000000.vcf.gz
11,50000000,60000000,human_11_50000000-60000000.vcf.gz
11,60000000,70000000,human_11_60000000-70000000.vcf.gz
11,70000000,80000000,human_11_70000000-80000000.vcf.gz
11,80000000,90000000,human_11_80000000-90000000.vcf.gz
11,90000000,100000000,human_11_90000000-100000000.vcf.gz
11,100000000,110000000,human_11_100000000-110000000.vcf.gz
11,110000000,120000000,human_11_110000000-120000000.vcf.gz
11,120000000,130000000,human_11_120000000-130000000.vcf.gz
11,130000000,140000000,human_11_130000000-140000000.vcf.gz
13,10000000,20000000,human_13_10000000-20000000.vcf.gz
13,20000000,30000000,human_13_20000000-30000000.vcf.gz
13,30000000,40000000,human_13_30000000-40000000.vcf.gz
13,40000000,50000000,human_13_40000000-50000000.vcf.gz
13,50000000,60000000,human_13_50000000-60000000.vcf.gz
13,60000000,70000000,human_13_60000000-70000000.vcf.gz
13,70000000,80000000,human_13_70000000-80000000.vcf.gz
13,80000000,90000000,human_13_80000000-90000000.vcf.gz
13,90000000,100000000,human_13_90000000-100000000.vcf.gz
13,100000000,110000000,human_13_100000000-110000000.vcf.gz
13,110000000,120000000,human_13_110000000-120000000.vcf.gz
14,10000000,20000000,human_14_10000000-20000000.vcf.gz
14,20000000,30000000,human_14_20000000-30000000.vcf.gz
14,30000000,40000000,human_14_30000000-40000000.vcf.gz
14,40000000,50000000,human_14_40000000-50000000.vcf.gz
14,50000000,60000000,human_14_50000000-60000000.vcf.gz
14,60000000,70000000,human_14_60000000-70000000.vcf.gz
14,70000000,80000000,human_14_70000000-80000000.vcf.gz
14,80000000,90000000,human_14_80000000-90000000.vcf.gz
14,90000000,100000000,human_14_90000000-100000000.vcf.gz
14,100000000,110000000,human_14_100000000-110000000.vcf.gz
12,0,10000000,human_12_0-10000000.vcf.gz
12,10000000,20000000,human_12_10000000-20000000.vcf.gz
12,20000000,30000000,human_12_20000000-30000000.vcf.gz
12,30000000,40000000,human_12_30000000-40000000.vcf.gz
12,40000000,50000000,human_12_40000000-50000000.vcf.gz
12,50000000,60000000,human_12_50000000-60000000.vcf.gz
12,60000000,70000000,human_12_60000000-70000000.vcf.gz
12,70000000,80000000,human_12_70000000-80000000.vcf.gz
12,80000000,90000000,human_12_80000000-90000000.vcf.gz
12,90000000,100000000,human_12_90000000-100000000.vcf.gz
12,100000000,110000000,human_12_100000000-110000000.vcf.gz
12,110000000,120000000,human_12_110000000-120000000.vcf.gz
12,120000000,130000000,human_12_120000000-130000000.vcf.gz
12,130000000,140000000,human_12_130000000-140000000.vcf.gz
19,0,10000000,human_19_0-10000000.vcf.gz
19,10000000,20000000,human_19_10000000-20000000.vcf.gz
19,20000000,30000000,human_19_20000000-30000000.vcf.gz
19,30000000,40000000,human_19_30000000-40000000.vcf.gz
19,40000000,50000000,human_19_40000000-50000000.vcf.gz
19,50000000,60000000,human_19_50000000-60000000.vcf.gz
9,0,10000000,human_9_0-10000000.vcf.gz
9,10000000,20000000,human_9_10000000-20000000.vcf.gz
9,20000000,30000000,human_9_20000000-30000000.vcf.gz
9,30000000,40000000,human_9_30000000-40000000.vcf.gz
9,40000000,50000000,human_9_40000000-50000000.vcf.gz
9,50000000,60000000,human_9_50000000-60000000.vcf.gz
9,60000000,70000000,human_9_60000000-70000000.vcf.gz
9,70000000,80000000,human_9_70000000-80000000.vcf.gz
9,80000000,90000000,human_9_80000000-90000000.vcf.gz
9,90000000,100000000,human_9_90000000-100000000.vcf.gz
9,100000000,110000000,human_9_100000000-110000000.vcf.gz
9,110000000,120000000,human_9_110000000-120000000.vcf.gz
9,120000000,130000000,human_9_120000000-130000000.vcf.gz
9,130000000,140000000,human_9_130000000-140000000.vcf.gz
9,140000000,150000000,human_9_140000000-150000000.vcf.gz
10,0,10000000,human_10_0-10000000.vcf.gz
10,10000000,20000000,human_10_10000000-20000000.vcf.gz
10,20000000,30000000,human_10_20000000-30000000.vcf.gz
10,30000000,40000000,human_10_30000000-40000000.vcf.gz
10,40000000,50000000,human_10_40000000-50000000.vcf.gz
10,50000000,60000000,human_10_50000000-60000000.vcf.gz
10,60000000,70000000,human_10_60000000-70000000.vcf.gz
10,70000000,80000000,human_10_70000000-80000000.vcf.gz
10,80000000,90000000,human_10_80000000-90000000.vcf.gz
10,90000000,100000000,human_10_90000000-100000000.vcf.gz
10,100000000,110000000,human_10_100000000-110000000.vcf.gz
10,110000000,120000000,human_10_110000000-120000000.vcf.gz
10,120000000,130000000,human_10_120000000-130000000.vcf.gz
10,130000000,140000000,human_10_130000000-140000000.vcf.gz
4,0,10000000,human_4_0-10000000.vcf.gz
4,10000000,20000000,human_4_10000000-20000000.vcf.gz
4,20000000,30000000,human_4_20000000-30000000.vcf.gz
4,30000000,40000000,human_4_30000000-40000000.vcf.gz
4,40000000,50000000,human_4_40000000-50000000.vcf.gz
4,50000000,60000000,human_4_50000000-60000000.vcf.gz
4,60000000,70000000,human_4_60000000-70000000.vcf.gz
4,70000000,80000000,human_4_70000000-80000000.vcf.gz
4,80000000,90000000,human_4_80000000-90000000.vcf.gz
4,90000000,100000000,human_4_90000000-100000000.vcf.gz
4,100000000,110000000,human_4_100000000-110000000.vcf.gz
4,110000000,120000000,human_4_110000000-120000000.vcf.gz
4,120000000,130000000,human_4_120000000-130000000.vcf.gz
4,130000000,140000000,human_4_130000000-140000000.vcf.gz
4,140000000,150000000,human_4_140000000-150000000.vcf.gz
4,150000000,160000000,human_4_150000000-160000000.vcf.gz
4,160000000,170000000,human_4_160000000-170000000.vcf.gz
4,170000000,180000000,human_4_170000000-180000000.vcf.gz
4,180000000,190000000,human_4_180000000-190000000.vcf.gz
4,190000000,200000000,human_4_190000000-200000000.vcf.gz
5,0,10000000,human_5_0-10000000.vcf.gz
5,10000000,20000000,human_5_10000000-20000000.vcf.gz
5,20000000,30000000,human_5_20000000-30000000.vcf.gz
5,30000000,40000000,human_5_30000000-40000000.vcf.gz
5,40000000,50000000,human_5_40000000-50000000.vcf.gz
5,50000000,60000000,human_5_50000000-60000000.vcf.gz
5,60000000,70000000,human_5_60000000-70000000.vcf.gz
5,70000000,80000000,human_5_70000000-80000000.vcf.gz
5,80000000,90000000,human_5_80000000-90000000.vcf.gz
5,90000000,100000000,human_5_90000000-100000000.vcf.gz
5,100000000,110000000,human_5_100000000-110000000.vcf.gz
5,110000000,120000000,human_5_110000000-120000000.vcf.gz
5,120000000,130000000,human_5_120000000-130000000.vcf.gz
5,130000000,140000000,human_5_130000000-140000000.vcf.gz
5,140000000,150000000,human_5_140000000-150000000.vcf.gz
5,150000000,160000000,human_5_150000000-160000000.vcf.gz
5,160000000,170000000,human_5_160000000-170000000.vcf.gz
5,170000000,180000000,human_5_170000000-180000000.vcf.gz
5,180000000,190000000,human_5_180000000-190000000.vcf.gz
8,0,10000000,human_8_0-10000000.vcf.gz
8,10000000,20000000,human_8_10000000-20000000.vcf.gz
8,20000000,30000000,human_8_20000000-30000000.vcf.gz
8,30000000,40000000,human_8_30000000-40000000.vcf.gz
8,40000000,50000000,human_8_40000000-50000000.vcf.gz
8,50000000,60000000,human_8_50000000-60000000.vcf.gz
8,60000000,70000000,human_8_60000000-70000000.vcf.gz
8,70000000,80000000,human_8_70000000-80000000.vcf.gz
8,80000000,90000000,human_8_80000000-90000000.vcf.gz
8,90000000,100000000,human_8_90000000-100000000.vcf.gz
8,100000000,110000000,human_8_100000000-110000000.vcf.gz
8,110000000,120000000,human_8_110000000-120000000.vcf.gz
8,120000000,130000000,human_8_120000000-130000000.vcf.gz
8,130000000,140000000,human_8_130000000-140000000.vcf.gz
8,140000000,150000000,human_8_140000000-150000000.vcf.gz
17,0,10000000,human_17_0-10000000.vcf.gz
17,10000000,20000000,human_17_10000000-20000000.vcf.gz
17,20000000,30000000,human_17_20000000-30000000.vcf.gz
17,30000000,40000000,human_17_30000000-40000000.vcf.gz
17,40000000,50000000,human_17_40000000-50000000.vcf.gz
17,50000000,60000000,human_17_50000000-60000000.vcf.gz
17,60000000,70000000,human_17_60000000-70000000.vcf.gz
17,70000000,80000000,human_17_70000000-80000000.vcf.gz
17,80000000,90000000,human_17_80000000-90000000.vcf.gz
21,0,10000000,human_21_0-10000000.vcf.gz
21,10000000,20000000,human_21_10000000-20000000.vcf.gz
21,20000000,30000000,human_21_20000000-30000000.vcf.gz
21,30000000,40000000,human_21_30000000-40000000.vcf.gz
21,40000000,50000000,human_21_40000000-50000000.vcf.gz
22,10000000,20000000,human_22_10000000-20000000.vcf.gz
22,20000000,30000000,human_22_20000000-30000000.vcf.gz
22,30000000,40000000,human_22_30000000-40000000.vcf.gz
22,40000000,50000000,human_22_40000000-50000000.vcf.gz
22,50000000,60000000,human_22_50000000-60000000.vcf.gz
16,0,10000000,human_16_0-10000000.vcf.gz
16,10000000,20000000,human_16_10000000-20000000.vcf.gz
16,20000000,30000000,human_16_20000000-30000000.vcf.gz
16,30000000,40000000,human_16_30000000-40000000.vcf.gz
16,40000000,50000000,human_16_40000000-50000000.vcf.gz
16,50000000,60000000,human_16_50000000-60000000.vcf.gz
16,60000000,70000000,human_16_60000000-70000000.vcf.gz
16,70000000,80000000,human_16_70000000-80000000.vcf.gz
16,80000000,90000000,human_16_80000000-90000000.vcf.gz
16,90000000,100000000,human_16_90000000-100000000.vcf.gz
3,0,10000000,human_3_0-10000000.vcf.gz
3,10000000,20000000,human_3_10000000-20000000.vcf.gz
3,20000000,30000000,human_3_20000000-30000000.vcf.gz
3,30000000,40000000,human_3_30000000-40000000.vcf.gz
3,40000000,50000000,human_3_40000000-50000000.vcf.gz
3,50000000,60000000,human_3_50000000-60000000.vcf.gz
3,60000000,70000000,human_3_60000000-70000000.vcf.gz
3,70000000,80000000,human_3_70000000-80000000.vcf.gz
3,80000000,90000000,human_3_80000000-90000000.vcf.gz
3,90000000,100000000,human_3_90000000-100000000.vcf.gz
3,100000000,110000000,human_3_100000000-110000000.vcf.gz
3,110000000,120000000,human_3_110000000-120000000.vcf.gz
3,120000000,130000000,human_3_120000000-130000000.vcf.gz
3,130000000,140000000,human_3_130000000-140000000.vcf.gz
3,140000000,150000000,human_3_140000000-150000000.vcf.gz
3,150000000,160000000,human_3_150000000-160000000.vcf.gz
3,160000000,170000000,human_3_160000000-170000000.vcf.gz
3,170000000,180000000,human_3_170000000-180000000.vcf.gz
3,180000000,190000000,human_3_180000000-190000000.vcf.gz
3,190000000,200000000,human_3_190000000-200000000.vcf.gz
